119.445649,26.004274  学生公寓（中小学）
119.446394,26.005074  西9
119.446437,26.005301     10
119.446346,26.005551     11
119.447413,26.005185     13
119.447585,26.004727     12
119.446657,26.004891  西区餐厅
119.447617,26.004495  西区操场篮球场

119.447075,26.00369  图书馆
119.446759,26.003194 小学部
119.447295,26.003213 初中部
119.446255,26.002658 商学楼
119.446866,26.002249 音艺楼
119.447676,26.002268 行政楼
119.448073,26.0029 医务室
119.447145,26.001709 南门
119.447945,26.001728 文科楼
119.447617,26.004495
119.448529,26.00438 东区餐厅

119.448358,26.005744  30号楼/实验楼
119.448862,26.006029  土木实验楼

119.449109,26.005556  工科楼B
119.449489,26.005354  工科楼A

119.450283,26.004119  10
119.45031,26.003888  8
119.449827,26.004727   9
119.449827,26.004192   7
119.449854,26.004524   6
119.449066,26.005016    5
119.449355,26.00477    东4
119.448631,26.004674  东3
119.449119,26.004486  东2
119.449087,26.004331    1
119.44906,26.003975   游泳馆